40000000 00000000
40000004 00000000
40000008 00000000
4000000c 00000000
40000010 00000000
40000014 00000000
40000080 00000000
40000100 00000000
40000104 00000000
40000108 00000000
40000110 00000000
40000180 00000000
40000184 00000000
40000200 00000000
40000800 00000000
40000804 00000000
40000808 00000000
4000080c 00000000
40000810 00000000
40000814 00000000
40000818 00000000
4000081c 00000000
40000820 00000000
40000824 00000000
40000828 00000000
4000082c 00000000
40000830 00000000
40000834 00000000
40000838 00000000
4000083c 00000000
40000840 00000000
40000844 00000000
40000848 00000000
4000084c 00000000
40000850 00000000
40000854 00000000
40000858 00000000
4000085c 00000000
40000860 00000000
40000864 00000000
40000868 00000000
4000086c 00000000
40000880 00000000
40000884 00000000
40000890 00000000
40001000 00000000
40001004 00000000
40001008 00000000
4000100c 00000000
40001010 00000000
40001014 00000000
40001020 00000000
40002000 00000000
40002004 00000000
40002008 00000000
4000200c 00000000
40002010 00000000
40002014 00000000
40002028 00000000
4000203c 00000000
40002070 00000000
40002074 00000000
40003000 00000000
40003004 00000000
40003008 00000000
4000300c 00000000
40003010 00000000
40003014 00000000
40003028 00000000
4000303c 00000000
40003070 00000000
40003074 00000000
40004000 00000000
40004004 00000000
40004008 00000000
4000400c 00000000
40004010 00000000
40004014 00000000
40004028 00000000
4000403c 00000000
40004070 00000000
40004074 00000000
40005000 00000000
40005004 00000000
40005008 00000000
4000500c 00000000
40005010 00000000
40005014 00000000
40005028 00000000
4000503c 00000000
40005070 00000000
40005074 00000000
40006000 00000000
40006004 00000000
40006008 00000000
4000600c 00000000
40006010 00000000
40006014 00000000
40006018 00000000
4000601c 00000000
40006020 00000000
40006024 00000000
40006028 00000000
4000602c 00000000
40006030 00000000
40007000 00000000
40007004 00000000
40007008 00000000
4000700c 00000000
40007010 00000000
40007014 00000000
40007018 00000000
40007028 00000000
4000702c 000000e3
40007400 00000000
40007404 00000000
40007408 00000000
4000740c 00000000
40007410 00000000
40007414 00000000
40007418 00000000
4000741c 00000000
40007420 00000000
40007424 00000000
40007428 00000000
40007800 00000000
40007804 00000000
40007808 00000000
4000780c 00000000
40007810 00000000
40007814 00000000
40007818 00000000
4000781c 00000000
40007820 00000000
40007c00 00000000
40007c04 00000000
40007c08 00000000
40007c0c 00000000
40007c10 00000000
40009000 00000000
40009004 00000000
40009008 00000000
4000900c 00000000
40009010 00000000
40009014 00000000
40009018 00000000
4000901c 00000000
40009020 00000000
40009024 00000000
40009800 00000000
40009804 00000000
40009808 00000000
4000980c 00000000
40009810 00000000
40009814 00000000
40009818 00000000
4000981c 00000000
40009820 00000000
40009824 00000000
4000b000 00000000
4000b004 00000000
4000b008 00000000
4000b010 00000000
4000b014 00000000
4000b020 00000000
4000b024 00000000
4000b028 00000000
4000b02c 00000000
4000c000 00000000
4000c004 00000000
4000c008 00000000
4000c00c 00000000
4000c010 00000000
4000c014 00000000
4000c018 00000000
4000d000 00000000
4000d004 00000000
4000d008 00000000
4000e000 00000000
4000e004 00000000
4000e008 00000000
4000e00c 00000000
4000e010 00000000
4000e014 00000000
4000e018 00000000
4000e01c 00000000
4000e020 00000000
4000e024 00000000
4000e028 00000000
4000e02c 00000000
4000e030 00000000
4000e034 00000000
4000e038 00000000
4000e03c 00000000
4000e040 00000000
4000e044 00000000
4000e048 00000000
4000e04c 00000000
4000e050 00000000
4000e054 00000000
4000e058 00000000
4000e05c 00000000
4000e060 00000000
4000e064 00000000
4000e068 00000000
4000e06c 00000000
4000e070 00000000
4000e074 00000000
4000e084 00000000
4000e088 00000000
4000e08c 00000000
4000e090 00000000
4000e094 00000000
4000e098 00000000
4000e09c 00000000
4000e0a0 00000000
4000f000 00000000
4000f004 00000000
4000f008 00000000
4000f00c 00000000
4000f010 00000000
4000f014 00000000
4000f018 00000000
4000f01c 00000000
4000f020 00000000
4000f024 00000000
4000f028 00000000
4000f02c 00000000
4000f030 00000000
4000f034 00000000
4000f038 00000000
4000f03c 00000000
4000f040 00000000
4000f400 00000000
4000f404 00000000
4000f408 00000000
4000f40c 00000000
4000f410 00000000
4000f800 00000000
4000f804 00000000
4000f808 00000000
4000f80c 00000000
4000f810 00000000
4000f814 00000000
4000f818 00000000
4000f81c 00000000
4000f820 00000000
4000f824 00000000
4000f828 00000000
4000f82c 00000000
4000f830 00000000
4000f834 00000000
4000f838 00000000
40080000 00000000
40080004 00000000
40080008 00000000
4008000c 00000000
40080010 00000000
40080014 00000000
40080018 00000000
4008001c 00000000
40081000 00000000
40081004 00000000
40081008 00000000
4008100c 00000000
40081010 00000000
40081014 00000000
40081018 00000000
4008101c 00000000
40081020 00000000
40081024 00000000
40081028 00000000
4008102c 00000000
40081030 00000000
40081034 00000000
40081038 00000000
4008103c 00000000
40081040 00000000
40081048 00000000
4008105c 00000000
40081060 00000000
40081064 00000000
40081068 00000000
4008106c 00000000
40081070 00000000
400810a8 00000000
400810ac 00000000
40082000 00000000
40082004 00000000
40082008 00000000
40082020 00000000
40082028 00000000
40082030 00000000
40082038 00000000
40082040 00000000
40082048 00000000
40082050 00000000
40082058 00000000
40082060 00000000
40082068 00000000
40082070 00000000
40082078 00000000
40083f00 00000000
40083ff8 00000000
40083ffc 00000000
40086f00 00000000
40086ff8 00000000
40086ffc 00000000
40087f00 00000000
40087ff8 00000000
40087ffc 00000000
4008ff00 00000000
4008fff8 00000000
4008fffc 00000000
40083000 00000000
40083004 00000000
40083008 00000000
4008300c 00000000
40083010 00000000
40083020 00000000
40083024 00000000
40083028 00000000
4008302c 00000000
40083e00 00000000
40083e04 00000000
40083e08 00000000
40083e10 00000000
40083e14 00000000
40083e18 00000000
40083e20 00000000
40083e30 00000000
40083e40 00000000
40083ffc 00000000
40086000 00000000
40086004 00000000
40086008 00000000
4008600c 00000000
40086010 00000000
40086020 00000000
40086024 00000000
40086028 00000000
4008602c 00000000
40086e00 00000000
40086e04 00000000
40086e08 00000000
40086e10 00000000
40086e14 00000000
40086e18 00000000
40086e20 00000000
40086e30 00000000
40086e40 00000000
40086ffc 00000000
40084000 00000000
40084004 00000000
40084008 00000000
4008400c 00000000
40084010 00000000
40084014 00000000
40084018 00000000
4008401c 00000000
40084020 00000000
40084024 00000000
40084028 00000000
40084034 00000000
40085000 00000000
40085004 00000000
40085008 00000000
4008500c 00000000
40085010 00000000
40085014 00000000
40085040 00000000
40085044 00000000
40085048 00000000
4008504c 00000000
40085050 00000000
40085054 00000000
40085058 00000000
4008505c 00000000
40085060 00000000
400850f0 00000000
400850f4 00000000
400850f8 00000000
400850fc 00000000
400857fc 00000000
40086800 00000000
40086804 00000000
40086808 00000000
4008680c 00000000
40086810 00000000
40086814 00000000
40086818 00000000
40086820 00000000
40086824 00000000
40086828 00000000
40086840 00000000
40086844 00000000
40086858 00000000
40086880 00000000
40086ffc 00000000
40087800 00000000
40087804 00000000
40087808 00000000
4008780c 00000000
40087810 00000000
40087814 00000000
40087818 00000000
40087820 00000000
40087824 00000000
40087828 00000000
40087840 00000000
40087844 00000000
40087858 00000000
40087880 00000000
40087ffc 00000000
40087400 00000000
40087404 00000000
40087408 00000000
4008740c 00000000
40087410 00000000
40087424 00000000
40087428 00000000
40087e00 00000000
40087e04 00000000
40087e08 00000000
40087e10 00000000
40087e14 00000000
40087e18 00000000
40087e20 00000000
40087e30 00000000
40087e40 00000000
40087ffc 00000000
4008f400 00000000
4008f404 00000000
4008f408 00000000
4008f40c 00000000
4008f410 00000000
4008f424 00000000
4008f428 00000000
4008fe00 00000000
4008fe04 00000000
4008fe08 00000000
4008fe10 00000000
4008fe14 00000000
4008fe18 00000000
4008fe20 00000000
4008fe30 00000000
4008fe40 00000000
4008fffc 00000000
40088000 00000000
40088004 00000000
40088008 00000000
4008800c 00000000
40088020 00000000
40088024 00000000
40088028 00000000
40088040 00000000
40088044 00000000
40088048 00000000
4008804c 00000000
40088050 00000000
40088054 00000000
40088060 00000000
40088064 00000000
40088068 00000000
4008806c 00000000
40088070 00000000
40088080 00000000
40088084 00000000
40088088 00000000
4008808c 00000000
40088090 00000000
400880a0 00000000
400880a4 00000000
400880a8 00000000
400880ac 00000000
400880b0 00000000
400880b4 00000000
400880b8 00000000
400880bc 00000000
400880c0 00000000
400880d0 00000000
400880d4 00000000
400880d8 00000000
400880dc 00000000
400880e0 00000000
400880e4 00000000
400880e8 00000000
400880ec 00000000
400880f0 00000000
40088100 00000000
40088104 00000000
40088108 00000000
4008810c 00000000
40088110 00000000
40088114 00000000
40088118 00000000
4008811c 00000000
40088120 00000000
40088140 00000000
40088144 00000000
40088148 00000000
4008814c 00000000
40088150 00000000
40088154 00000000
40088158 00000000
4008815c 00000000
40088160 00000000
40088164 00000000
40088168 00000000
4008816c 00000000
40088170 00000000
40088174 00000000
40088178 00000000
4008817c 00000000
40088180 00000000
40088184 00000000
40088188 00000000
4008818c 00000000
40088190 00000000
40088194 00000000
40088198 00000000
4008819c 00000000
4008c000 00000000
4008c004 00000000
4008c010 00000000
4008c014 00000000
4008c020 00000000
4008c024 00000000
4008c028 00000000
4008c02c 00000000
4008c030 00000000
4008c034 00000000
4008c038 00000000
4008d000 00000000
4008d004 00000000
4008d010 00000000
4008d014 00000000
4008d020 00000000
4008d024 00000000
4008d028 00000000
4008d02c 00000000
4008d030 00000000
4008d034 00000000
4008d038 00000000
4008e000 00000000
4008e004 00000000
4008e008 00000000
4008e008 00000000
