# DIFC = 58736.09443990583 [µ/Å] L = 157.66511528266744 [m] two_theta = 94.93340423102556 [deg]
# tof [µs]               Y [counts]               E [counts]
4.116812859292999201e+04 2.153710746931005171e-01 2.485114069864158629e-02
4.127385356292182405e+04 2.608731253560512831e-01 3.329888041963863926e-02
4.137957853291364881e+04 3.043368615904640806e-01 3.547087591788450345e-02
4.148530350290548085e+04 4.736670804811050073e-01 4.206283617542717901e-02
4.159102847289731289e+04 6.002651986502521853e-01 4.196647994561224920e-02
4.169675344288914494e+04 6.017448324066868581e-01 3.965186271654011496e-02
4.180247841288097698e+04 5.011825843970607597e-01 3.810348675822586295e-02
4.190820338287280174e+04 3.770226414883808830e-01 3.458905645764303455e-02
4.201392835286463378e+04 2.753318277463203678e-01 3.190950665975840483e-02
4.211965332285646582e+04 2.618231130009330276e-01 2.830042526454298185e-02
4.222537829284829786e+04 2.928088563756663376e-01 3.145301661570625018e-02
4.233110326284012262e+04 3.578142823373394177e-01 4.155932289601068502e-02
4.243682823283195467e+04 3.769179959521566370e-01 3.849597975143188855e-02
4.254255320282378671e+04 4.158391911279324393e-01 4.449771134056958177e-02
4.264827817281561875e+04 3.779803744828383327e-01 4.193951997252232111e-02
4.275400314280745079e+04 3.198893594846607957e-01 3.309901263703583785e-02
4.285972811279928283e+04 2.658741522251843459e-01 2.855729616760260825e-02
4.296545308279110759e+04 2.573176035624888947e-01 3.093264002198454002e-02
4.307117805278293963e+04 2.577564704480500013e-01 2.793004132928919581e-02
4.317690302277477167e+04 2.436818233779233789e-01 2.633848204890042871e-02
4.328262799276660371e+04 2.292366928663013004e-01 2.670909544346710199e-02
4.338835296275842848e+04 2.509718661544597107e-01 2.812685157678675857e-02
4.349407793275026052e+04 2.520164318371221901e-01 2.840260670459381076e-02
4.359980290274209256e+04 2.966280574563536221e-01 2.933221528558389857e-02
4.370552787273392460e+04 5.917885671986631291e-01 4.715812670168278986e-02
4.381125284272575664e+04 1.128510510097429753e+00 6.592621547237847990e-02
4.391697781271758140e+04 1.134676835970059416e+00 5.575804856372774260e-02
4.402270278270941344e+04 8.777986080928671386e-01 4.135430851512232608e-02
4.412842775270124548e+04 5.660575761924040439e-01 3.186612578727112538e-02
4.423415272269307752e+04 3.978815799809931053e-01 2.999555575290682383e-02
4.433987769268490229e+04 2.767054054920717876e-01 2.831555763835678571e-02
4.444560266267673433e+04 3.725751083717299128e-01 3.306140498413820406e-02
4.455132763266856637e+04 5.620474590198114573e-01 3.747912960742691424e-02
4.465705260266039841e+04 8.794032862318595933e-01 4.339597485143953381e-02
4.476277757265223045e+04 1.049733673425403024e+00 4.470369284474142585e-02
4.486850254264405521e+04 8.065912472297915858e-01 3.562084390842406439e-02
4.497422751263588725e+04 5.838432924396242951e-01 3.171070339140553973e-02
4.507995248262771929e+04 3.754946792436575920e-01 2.585913508481106626e-02
4.518567745261955133e+04 3.223595345777620635e-01 2.872205216524737273e-02
4.529140242261137610e+04 2.586153666396504569e-01 2.514014802920313055e-02
4.539712739260320814e+04 2.653946194115984203e-01 2.506320120119176834e-02
4.550285236259504018e+04 3.204047378434953242e-01 3.374661251894776198e-02
4.560857733258687222e+04 2.951144619245948397e-01 2.703262344951972915e-02
4.571430230257870426e+04 3.108126736372315291e-01 2.683275683619879698e-02
4.582002727257052902e+04 2.586610723515629373e-01 2.363213831492192926e-02
4.592575224256236106e+04 2.953395370430179634e-01 2.502299927193591539e-02
4.603147721255419310e+04 3.026068399569262768e-01 2.666410003952783894e-02
4.613720218254602514e+04 3.903729423138836974e-01 4.433754393616119727e-02
4.624292715253785718e+04 3.378836691835625516e-01 3.236157093051930667e-02
4.634865212252968195e+04 7.252934849637189263e-01 6.077502775372350952e-02
4.645437709252151399e+04 1.444078091575856426e+00 8.695420663068247069e-02
4.656010206251334603e+04 2.160799078436518972e+00 1.058313665320170238e-01
4.666582703250517807e+04 2.048563565799041530e+00 9.242447066920182752e-02
4.677155200249701011e+04 1.282381284886184858e+00 5.868380667032114389e-02
4.687727697248883487e+04 5.866001925346094881e-01 3.394969722869588952e-02
4.698300194248066691e+04 3.739496315689567196e-01 2.685663276171922423e-02
4.708872691247249895e+04 3.121051489047478866e-01 2.469331623046316232e-02
4.719445188246433099e+04 2.630577114198744404e-01 2.288312367098122024e-02
4.730017685245615576e+04 2.723258006960146971e-01 2.341727581514723919e-02
4.740590182244798780e+04 2.412913354834822499e-01 2.147243362812975218e-02
4.751162679243981984e+04 2.523896954981822982e-01 2.318341377024033326e-02
4.761735176243165188e+04 2.184825433916667559e-01 1.920620904244086172e-02
4.772307673242348392e+04 2.718324481106246804e-01 2.709558555661976953e-02
4.782880170241530868e+04 2.628702244172894109e-01 2.161559381449554978e-02
4.793452667240714072e+04 2.915223352375253540e-01 2.580408739341092175e-02
4.804025164239897276e+04 2.530127940493845928e-01 2.138592736343572151e-02
4.814597661239080480e+04 2.296839766414642825e-01 2.172373342743272664e-02
4.825170158238262957e+04 2.630428626295486794e-01 2.133630588335756403e-02
4.835742655237446161e+04 3.301884295987274065e-01 2.417924467260626833e-02
4.846315152236629365e+04 3.695739281579626945e-01 2.295722673016692764e-02
4.856887649235812569e+04 4.968789872605733904e-01 2.344131668866666560e-02
4.867460146234995773e+04 5.483382902045680352e-01 2.325019238751704909e-02
4.878032643234178249e+04 5.327191627479830327e-01 2.385465602729653842e-02
4.888605140233361453e+04 4.183505548474412139e-01 2.212000839498857660e-02
4.899177637232544657e+04 2.822691967721844830e-01 1.967979342239069285e-02
4.909750134231727861e+04 2.866173486109942492e-01 2.136233932695521393e-02
4.920322631230911065e+04 2.522132411861770507e-01 2.034966938360983219e-02
4.930895128230093542e+04 2.488703826341970571e-01 1.955887366173672537e-02
4.941467625229276746e+04 2.448078436988982698e-01 1.959869374087079216e-02
4.952040122228459950e+04 2.601371397266339369e-01 2.587688364710211478e-02
4.962612619227643154e+04 2.604647821395448815e-01 1.890954890145047154e-02
4.973185116226825630e+04 3.113392816636900151e-01 2.192317175306443197e-02
4.983757613226008834e+04 2.829567596015400421e-01 1.827207039423774798e-02
4.994330110225192038e+04 3.214703596991227985e-01 2.233293022269595973e-02
5.004902607224375242e+04 2.967639647355652666e-01 2.135032154107910710e-02
5.015475104223558446e+04 2.680889839522346274e-01 1.925716582985162809e-02
5.026047601222740923e+04 2.937093175842762638e-01 2.234167454325169944e-02
5.036620098221924127e+04 3.079523703996563944e-01 2.216200674252769703e-02
5.047192595221107331e+04 3.427802563886976350e-01 2.430553829132631530e-02
5.057765092220290535e+04 3.619795633444084504e-01 2.631117900596903827e-02
5.068337589219473739e+04 4.524771598823785768e-01 3.236845016249723789e-02
5.078910086218656215e+04 8.838686127494939093e-01 5.260557836590706166e-02
5.089482583217839419e+04 1.824757955809221066e+00 8.032464359556136524e-02
5.100055080217022623e+04 2.913515320430418054e+00 1.026145629233496531e-01
5.110627577216205827e+04 3.143102761371809883e+00 1.038394170389491944e-01
5.121200074215389031e+04 2.403252941381652796e+00 8.542323864103675002e-02
5.131772571214571508e+04 1.209045360096914434e+00 5.227567522888452306e-02
5.142345068213754712e+04 5.860551625034998713e-01 2.959684125270913707e-02
5.152917565212937916e+04 3.459746775442253397e-01 2.165689371791541112e-02
5.163490062212121120e+04 2.720163149432728300e-01 1.844464326506729812e-02
5.174062559211303596e+04 2.290974918298087082e-01 1.591446668835031983e-02
5.184635056210486800e+04 2.936624044874694972e-01 2.045654517157154823e-02
5.195207553209670004e+04 2.967278931397528963e-01 2.058125270356776781e-02
5.205780050208853208e+04 4.798908863347365328e-01 2.798479666580701297e-02
5.216352547208036412e+04 8.143691279984882625e-01 3.854817201873923099e-02
5.226925044207218889e+04 1.535671873748238880e+00 5.355963405776297676e-02
5.237497541206402093e+04 2.084068314161176438e+00 6.357017087954838774e-02
5.248070038205585297e+04 1.928725550712737435e+00 5.888010583522335084e-02
5.258642535204768501e+04 1.390773407300172071e+00 4.801671833159894959e-02
5.269215032203950977e+04 7.037742698705139466e-01 3.020862573463304820e-02
5.279787529203134181e+04 3.889558208910198212e-01 2.095658690632551738e-02
5.290360026202317385e+04 3.064782716432409848e-01 1.957311781682838023e-02
5.300932523201500589e+04 2.245358708337966969e-01 1.519657172746591810e-02
5.311505020200683794e+04 2.350024874859830970e-01 1.676991307429799224e-02
5.322077517199866270e+04 2.576466474746033630e-01 1.685674029532719526e-02
5.332650014199049474e+04 2.459277008889770855e-01 1.635902888906161368e-02
5.343222511198232678e+04 2.949416902369990656e-01 1.729796712387578206e-02
5.353795008197415882e+04 3.578213142742978636e-01 1.831058572382073327e-02
5.364367505196599086e+04 5.162626826748403230e-01 1.889672459609052085e-02
5.374940002195781562e+04 8.043354875969166429e-01 2.271373300691972505e-02
5.385512499194964767e+04 8.955710385483885982e-01 2.348465205034437620e-02
5.396084996194147971e+04 8.454331381685515900e-01 2.430894807919327383e-02
5.406657493193331175e+04 6.697227051116388941e-01 2.474791602679036334e-02
5.417229990192513651e+04 4.149354144200905203e-01 1.918281222484124332e-02
5.427802487191696855e+04 2.703659713579263379e-01 1.562156544953471372e-02
5.438374984190880059e+04 2.699116166663160787e-01 1.721182920731275171e-02
5.448947481190063263e+04 2.696290563527132811e-01 1.602469359478985583e-02
5.459519978189246467e+04 2.332701288268579365e-01 1.548438118047886468e-02
5.470092475188428944e+04 2.992378239825526642e-01 1.756047172264648543e-02
5.480664972187612148e+04 2.544819126921636920e-01 1.650531420760956505e-02
5.491237469186795352e+04 2.621729555779466203e-01 1.641350017030758154e-02
5.501809966185978556e+04 2.922209274619719799e-01 1.781668389560021187e-02
5.512382463185161760e+04 2.875155866064892374e-01 1.703243274437635929e-02
5.522954960184344236e+04 2.768548631633431234e-01 1.718310947320735374e-02
5.533527457183527440e+04 2.913825800245142816e-01 1.515185428982697251e-02
5.544099954182710644e+04 3.033791032872547033e-01 1.622110984771307773e-02
5.554672451181893848e+04 3.072023726799349985e-01 1.606921451438052262e-02
5.565244948181076325e+04 2.672811653082456940e-01 1.476849635667062087e-02
5.575817445180259529e+04 2.671051207358477453e-01 1.500842336169567852e-02
5.586389942179442733e+04 2.761008854012295677e-01 1.602590646782442799e-02
5.596962439178625937e+04 2.626905252209964514e-01 1.538533442335943482e-02
5.607534936177809141e+04 2.425106423311819692e-01 1.426233132145164444e-02
5.618107433176992345e+04 2.719298002174761475e-01 1.523041883139009817e-02
5.628679930176174821e+04 3.089762544910952258e-01 1.595256094263953345e-02
5.639252427175358025e+04 3.117078510728122365e-01 1.562528073052104130e-02
5.649824924174541229e+04 3.110546473878670337e-01 1.580158735611719018e-02
5.660397421173723706e+04 3.136732800561387591e-01 1.687084690249390090e-02
5.670969918172906910e+04 3.612622000982856907e-01 1.738288861614042599e-02
5.681542415172090114e+04 5.692034181151193195e-01 2.127425188175019119e-02
5.692114912171273318e+04 9.024145041887405849e-01 2.566462776860295447e-02
5.702687409170456522e+04 1.310078961033423584e+00 3.087994035170033014e-02
5.713259906169639726e+04 1.388124754610512213e+00 3.087577938558860521e-02
5.723832403168822202e+04 1.253053340898884649e+00 2.890379268629977849e-02
5.734404900168005406e+04 8.852727257861658927e-01 2.452559237091598079e-02
5.744977397167188610e+04 5.531365275394289904e-01 1.956794748268836370e-02
5.755549894166371087e+04 3.578118600987075792e-01 1.619093592433212131e-02
5.766122391165554291e+04 2.764076578807457274e-01 1.417519266443980838e-02
5.776694888164737495e+04 2.545598108117405056e-01 1.381721192821199276e-02
5.787267385163920699e+04 2.620681669408651548e-01 1.430973519241612868e-02
5.797839882163103903e+04 2.679810480432835429e-01 1.467260100318671344e-02
5.808412379162287107e+04 2.785179905420335777e-01 1.499952315973867960e-02
5.818984876161469583e+04 2.579693973616148384e-01 1.479400054306367375e-02
5.829557373160652787e+04 2.606695108822812412e-01 1.517154610225861927e-02
5.840129870159835991e+04 2.568557081521639085e-01 1.346900104251730172e-02
5.850702367159019195e+04 2.442328104920105936e-01 1.327551160505504452e-02
5.861274864158201672e+04 2.511302172265642563e-01 1.386914178717005633e-02
5.871847361157384876e+04 2.504224214898718714e-01 1.314973340354531374e-02
5.882419858156568807e+04 2.637752400484691950e-01 1.345927793910209162e-02
5.892992355155750556e+04 2.644583043066947026e-01 1.388159803911763121e-02
5.903564852154935215e+04 2.708333079152489553e-01 1.461421395838648565e-02
5.914137349154116964e+04 2.576523065118234701e-01 1.427843958927238650e-02
5.924709846153300168e+04 2.531378969060431028e-01 1.346411626729160371e-02
5.935282343152483372e+04 2.681484402168856085e-01 1.348853301241573731e-02
5.945854840151666576e+04 2.423213524438379840e-01 1.246387940864682707e-02
5.956427337150849780e+04 2.496728747172669571e-01 1.257850672301267549e-02
5.966999834150032257e+04 2.664614794005397691e-01 1.347951018164133749e-02
5.977572331149216188e+04 2.678898972704827353e-01 1.311899624502996242e-02
5.988144828148397937e+04 2.531867839976721934e-01 1.316204732504211786e-02
5.998717325147582596e+04 2.579200490850795391e-01 1.313214149795720147e-02
6.009289822146764345e+04 2.639651402910249689e-01 1.303961904430984975e-02
6.019862319145947549e+04 2.571376644940963074e-01 1.297659233397437627e-02
6.030434816145130753e+04 2.556765127148905026e-01 1.262842355223556950e-02
6.041007313144313957e+04 2.936488898076692888e-01 1.368859656883815966e-02
6.051579810143497161e+04 2.970412290164322067e-01 1.337787648927450841e-02
6.062152307142679638e+04 3.315704229500917033e-01 1.423302151199909438e-02
6.072724804141863569e+04 4.197496154411256009e-01 1.459406654176504878e-02
6.083297301141046046e+04 6.729761175543871321e-01 1.796416666630230516e-02
6.093869798140229977e+04 1.028495515222632273e+00 2.072357941245445839e-02
6.104442295139411726e+04 1.187586131094396036e+00 2.127191519707625350e-02
6.115014792138594930e+04 1.215208935269679325e+00 2.117806085653267320e-02
6.125587289137778134e+04 9.139143974243897350e-01 1.851300834854351443e-02
6.136159786136961338e+04 7.009141961914646668e-01 1.714113789437486310e-02
6.146732283136144542e+04 5.011843854293078770e-01 1.518404991039024737e-02
6.157304780135327019e+04 3.635027078620511887e-01 1.350470376178352500e-02
6.167877277134510950e+04 2.972464839269961523e-01 1.242195529105087452e-02
6.178449774133693427e+04 2.975371579147865764e-01 1.315649875716912165e-02
6.189022271132877358e+04 2.628639507769817141e-01 1.286334853265197822e-02
6.199594768132059107e+04 2.577393307409369672e-01 1.151776679846635253e-02
6.210167265131242311e+04 2.612924704731126035e-01 1.161047992394215189e-02
6.220739762130425515e+04 2.500632480852333916e-01 1.186528818843076739e-02
6.231312259129608719e+04 2.494934704492355881e-01 1.146276574448418760e-02
6.241884756128791923e+04 2.579458980236530863e-01 1.147293749550409858e-02
6.252457253127974400e+04 2.359353714853535122e-01 1.091559803082713456e-02
6.263029750127158331e+04 2.334517780734865211e-01 1.114364302364331295e-02
6.273602247126340808e+04 2.615893593554464713e-01 1.195191554433323693e-02
6.284174744125524740e+04 2.397369088869018283e-01 1.092678523811795206e-02
6.294747241124707216e+04 2.651839273661140139e-01 1.147332783271173655e-02
6.305319738123891148e+04 2.641508894461597756e-01 1.164223507976873580e-02
6.315892235123072896e+04 2.560209361608498102e-01 1.116485038947329089e-02
6.326464732122256100e+04 2.440130008341020729e-01 1.064393008778644935e-02
6.337037229121439304e+04 2.695559550600108434e-01 1.153352244735585640e-02
6.347609726120621781e+04 2.567677856634049682e-01 1.080212465949361225e-02
6.358182223119805712e+04 2.414534503458179715e-01 1.045330584302135886e-02
6.368754720118988189e+04 2.572680395077308613e-01 1.081561687751143343e-02
6.379327217118172121e+04 2.494193814230429018e-01 1.108117151280665034e-02
6.389899714117354597e+04 2.470315591965163426e-01 1.044353255378311675e-02
6.400472211116538529e+04 2.467783934782481758e-01 1.046139215304635849e-02
6.411044708115720277e+04 2.584042999053819956e-01 1.101495842120117120e-02
6.421617205114903481e+04 2.387704999207234113e-01 1.028189337747785134e-02
6.432189702114086685e+04 2.364082051586776645e-01 1.013720083030077504e-02
6.442762199113269162e+04 2.612216413150915684e-01 1.047671201111289967e-02
6.453334696112453094e+04 2.489941024443725892e-01 1.052787647627317219e-02
6.463907193111635570e+04 2.516159720823578638e-01 1.050846743139435303e-02
6.474479690110819502e+04 2.996276552388459358e-01 1.185888661380172376e-02
6.485052187110001978e+04 3.303528700645373406e-01 1.235835806377064139e-02
6.495624684109185910e+04 4.052694143559218420e-01 1.469967694468926264e-02
6.506197181108368386e+04 4.287356658506749629e-01 1.518769225567730662e-02
6.516769678107550862e+04 4.413954434921170122e-01 1.508120432091632733e-02
6.527342175106734067e+04 4.010946641743854957e-01 1.416615440215991499e-02
6.537914672105917271e+04 3.964790586456777843e-01 1.410616683912667944e-02
6.548487169105100475e+04 5.085401144141257213e-01 1.672683091770560057e-02
6.559059666104282951e+04 7.781373062475197555e-01 2.066414428122907015e-02
6.569632163103467610e+04 1.445874052339014115e+00 2.807218000299617836e-02
6.580204660102649359e+04 2.465790736504362979e+00 3.679287239274418864e-02
6.590777157101834018e+04 3.126713081552214835e+00 4.063395719279198903e-02
6.601349654101015767e+04 3.179229423995032278e+00 4.018240811389910128e-02
6.611922151100198971e+04 2.422360518529352191e+00 3.408929248968482761e-02
6.622494648099382175e+04 1.454961682297714942e+00 2.576790342717837773e-02
6.633067145098565379e+04 8.143249923787676536e-01 1.932655671966656760e-02
6.643639642097748583e+04 4.756062517999517514e-01 1.422750433122568769e-02
6.654212139096930332e+04 3.538000459582563706e-01 1.230305108027457753e-02
6.664784636096114991e+04 2.895889914605696003e-01 1.041707665163589015e-02
6.675357133095296740e+04 2.537068093532732216e-01 9.616790970996987736e-03
6.685929630094481399e+04 2.393703226533146489e-01 9.055459208632763921e-03
6.696502127093663148e+04 2.532881289680958270e-01 9.645000827537183671e-03
6.707074624092846352e+04 2.425682443817209211e-01 9.418700960545235701e-03
6.717647121092029556e+04 2.537897440863364773e-01 9.578805403922009687e-03
6.728219618091212760e+04 2.475104034903072014e-01 9.548110846646844924e-03
6.738792115090395964e+04 2.310229745077113650e-01 8.900379132648471997e-03
6.749364612089577713e+04 2.550900940063549616e-01 9.344681116369140533e-03
6.759937109088762372e+04 2.350973858595828692e-01 8.972575103113951400e-03
6.770509606087944121e+04 2.648949299910587363e-01 9.841488989181312180e-03
6.781082103087128780e+04 2.480215165956837220e-01 9.427458944646430195e-03
6.791654600086310529e+04 2.582706368585657164e-01 1.034583997077205032e-02
6.802227097085493733e+04 2.815924509115133589e-01 1.071764859215887898e-02
6.812799594084676937e+04 2.893011300969298705e-01 1.121109327466562194e-02
6.823372091083860141e+04 3.965450002733932888e-01 1.575935472657262124e-02
6.833944588083043345e+04 4.938733356990868684e-01 1.828959554383506603e-02
6.844517085082225094e+04 8.844633790820334296e-01 2.611033936532454122e-02
6.855089582081409753e+04 1.776663354043423126e+00 3.848824025750206129e-02
6.865662079080591502e+04 3.462905178048456989e+00 5.543707052559553039e-02
6.876234576079776161e+04 5.629349777464291549e+00 7.080615141533266876e-02
6.886807073078957910e+04 6.728341650025493337e+00 7.575581337866610365e-02
6.897379570078142569e+04 6.198594237923834349e+00 7.102105172067600669e-02
6.907952067077324318e+04 4.342802902548902111e+00 5.725092716982064373e-02
6.918524564076507522e+04 2.446689264886297011e+00 4.080947422291159726e-02
6.929097061075690726e+04 1.288074729783375671e+00 2.841976986317077541e-02
6.939669558074872475e+04 7.044727348357692209e-01 1.980897752036525281e-02
6.950242055074057134e+04 4.647080730124361070e-01 1.547568711673538364e-02
6.960814552073238883e+04 3.110685500106273316e-01 1.132748842948613430e-02
6.971387049072423542e+04 2.737746294835372574e-01 9.718019370143030425e-03
6.981959546071605291e+04 2.634456929244144985e-01 9.245392653095572261e-03
6.992532043070789950e+04 2.567098672003880200e-01 8.823941405229499338e-03
7.003104540069971699e+04 2.367304650589087400e-01 8.330833070053529979e-03
7.013677037069154903e+04 2.374833995291177335e-01 8.145452762357580784e-03
7.024249534068338107e+04 2.317402452134979252e-01 8.065123129290016624e-03
7.034822031067519856e+04 2.378455804479022995e-01 8.388505337370616780e-03
7.045394528066704515e+04 2.455079442071830542e-01 8.573869706868811336e-03
7.055967025065886264e+04 2.433087339654111392e-01 8.367032664891286067e-03
7.066539522065070923e+04 2.400370258365473741e-01 8.393852956526202252e-03
7.077112019064252672e+04 2.420808160193218261e-01 8.217927654646895591e-03
7.087684516063435876e+04 2.306251559263440276e-01 8.014181030620869117e-03
7.098257013062619080e+04 2.497575217984906171e-01 8.402484315836582576e-03
7.108829510061802284e+04 2.583726877652068321e-01 8.700472684506554630e-03
7.119402007060985488e+04 2.382137985584143747e-01 8.086423583625157452e-03
7.129974504060168692e+04 2.554300905788884357e-01 8.489978954411487796e-03
7.140547001059351896e+04 2.493553377540576876e-01 8.280111606897235313e-03
7.151119498058533645e+04 2.500039703310768524e-01 8.281309169979480730e-03
7.161691995057718304e+04 2.509552523224448106e-01 8.072103809935112645e-03
7.172264492056900053e+04 2.869485163586003029e-01 8.562909077433593016e-03
7.182836989056083257e+04 3.261786587479619803e-01 8.216832329056619061e-03
7.193409486055266461e+04 4.638657152686291862e-01 9.216991226892744943e-03
7.203981983054449665e+04 6.522895648654145617e-01 9.733703170241895034e-03
7.214554480053632869e+04 8.642982148063441672e-01 1.050190251747794637e-02
7.225126977052816073e+04 9.850478153371600154e-01 1.105430779895480095e-02
7.235699474051999277e+04 8.691397390360924291e-01 1.027746388370191777e-02
7.246271971051181026e+04 6.381204349157917344e-01 9.442309412733123145e-03
7.256844468050365685e+04 4.477264473908512676e-01 8.642065290159416449e-03
7.267416965049547434e+04 3.491532268472096745e-01 8.476578548868914098e-03
7.277989462048732094e+04 3.247074905688613899e-01 8.597290857401554756e-03
7.288561959047913842e+04 3.181507011557557218e-01 8.702229120605304083e-03
7.299134456047097046e+04 3.370053960398645132e-01 9.167774213283255702e-03
7.309706953046280250e+04 3.661278382403361231e-01 9.595873861250251227e-03
7.320279450045463454e+04 3.767498574843116121e-01 9.723096675549052978e-03
7.330851947044646658e+04 3.562424081559920075e-01 9.513077255154647402e-03
7.341424444043828407e+04 3.046810274015752107e-01 8.676590608036405597e-03
7.351996941043013067e+04 2.650027695871237099e-01 7.897949809329785076e-03
7.362569438042194815e+04 2.642180508286832707e-01 8.032809101377377109e-03
7.373141935041379475e+04 2.347523277806704833e-01 7.529239269088603900e-03
7.383714432040561223e+04 2.566873090184088047e-01 8.049699776532758672e-03
7.394286929039744427e+04 2.438382117367899893e-01 7.722917821256130959e-03
7.404859426038927631e+04 2.566795079729149998e-01 8.080934017260279698e-03
7.415431923038110835e+04 2.313146245233833886e-01 7.439103563679216012e-03
7.426004420037294040e+04 2.391278327265358439e-01 7.480397066950293140e-03
7.436576917036477244e+04 2.534450459823232027e-01 7.873369340064136426e-03
7.447149414035660448e+04 2.408397888129752973e-01 7.711516695366636524e-03
7.457721911034842196e+04 2.363149906505465914e-01 7.395430386340105453e-03
7.468294408034026856e+04 2.408521084421503533e-01 7.539296017698683683e-03
7.478866905033208604e+04 2.413250397413475024e-01 7.531403037034299121e-03
7.489439402032391808e+04 2.323314138514395721e-01 7.263109152028564448e-03
7.500011899031575012e+04 2.361717400037610382e-01 7.399474428122357512e-03
7.510584396030758217e+04 2.456942484514550440e-01 7.571780232460714050e-03
7.521156893029941421e+04 2.305472730755449284e-01 7.191782391744863841e-03
7.531729390029124625e+04 2.371502880297157168e-01 7.339356648455888817e-03
7.542301887028307829e+04 2.458202222408842341e-01 7.361139870154743449e-03
7.552874384027489577e+04 2.439157874626672051e-01 7.519381726847823577e-03
7.563446881026674237e+04 2.375947534507191761e-01 7.333747934590359799e-03
7.574019378025855985e+04 2.410420323571544343e-01 7.377413878608280080e-03
7.584591875025039189e+04 2.359958582113838299e-01 7.186734855529825980e-03
7.595164372024222394e+04 2.525585482654302272e-01 7.537125429777985323e-03
7.605736869023405598e+04 2.361332724946209882e-01 7.162542383321248048e-03
7.616309366022588802e+04 2.472639757012290718e-01 7.460733586878003434e-03
7.626881863021772006e+04 2.374670319181043654e-01 7.230911259685389100e-03
7.637454360020955210e+04 2.377133334120040964e-01 7.279105957753793932e-03
7.648026857020136958e+04 2.463204439721720651e-01 7.276349545600669343e-03
7.658599354019321618e+04 2.340552904772802978e-01 7.197671174938777977e-03
7.669171851018503367e+04 2.427718478383286971e-01 7.315756348957971542e-03
7.679744348017686571e+04 2.410396799839986670e-01 7.221883361682949337e-03
7.690316845016869775e+04 2.430290710315454461e-01 7.278542147309856845e-03
7.700889342016052979e+04 2.453782500432619418e-01 7.145651332514320157e-03
7.711461839015236183e+04 2.460795004707207467e-01 7.312836373750168477e-03
7.722034336014419387e+04 2.506322126461691391e-01 7.329341156010697050e-03
7.732606833013602591e+04 2.326000375473203097e-01 6.924857692967861453e-03
7.743179330012784339e+04 2.371863799534748296e-01 7.092686648087046658e-03
7.753751827011968999e+04 2.350962686126348011e-01 6.858618913559076831e-03
7.764324324011150748e+04 2.398885737843565735e-01 6.966255265637526922e-03
7.774896821010333952e+04 2.451457415476965829e-01 7.079026950485624650e-03
7.785469318009517156e+04 2.357465139735842874e-01 6.935491302873229326e-03
7.796041815008700360e+04 2.482955512568460199e-01 7.165272563042425491e-03
7.806614312007883564e+04 2.579952659919894642e-01 7.331858080216594777e-03
7.817186809007066768e+04 2.357580877260021246e-01 6.955944573799979248e-03
7.827759306006249972e+04 2.387326096950205534e-01 6.827963616041488049e-03
7.838331803005431721e+04 2.377390297012521025e-01 6.894557424468043989e-03
7.848904300004616380e+04 2.325978663694625859e-01 6.758637538622979182e-03
7.859476797003798129e+04 2.510156945547549756e-01 7.050742079022054992e-03
7.870049294002982788e+04 2.410020185648097668e-01 6.896972932855464228e-03
7.880621791002164537e+04 2.437184784725141828e-01 6.948121126756296242e-03
7.891194288001347741e+04 2.403822860701247122e-01 6.823950602041774574e-03
7.901766785000530945e+04 2.411202828647301954e-01 6.896484420120215127e-03
7.912339281999714149e+04 2.432196882574894636e-01 6.882198898675168097e-03
7.922911778998897353e+04 2.525134198600595958e-01 6.932477344209614194e-03
7.933484275998079102e+04 2.572305075459423440e-01 7.083047646463017100e-03
7.944056772997263761e+04 3.059962959215863920e-01 7.823218228023074219e-03
7.954629269996445510e+04 3.109220276059253552e-01 7.454215216420702686e-03
7.965201766995630169e+04 3.423045124001402595e-01 8.133094109193298935e-03
7.975774263994811918e+04 3.721317965819235796e-01 9.095499060880786468e-03
7.986346760993995122e+04 3.796342766459379070e-01 9.286809394706991086e-03
7.996919257993178326e+04 4.153995538714082003e-01 1.036711177112782482e-02
8.007491754992361530e+04 5.578591545498596815e-01 1.324127717263347270e-02
8.018064251991544734e+04 8.313654796565629335e-01 1.804357946005009927e-02
8.028636748990727938e+04 1.473474871116151386e+00 2.588674768837821022e-02
8.039209245989911142e+04 2.741207969815802947e+00 3.680166545196267985e-02
8.049781742989092891e+04 5.043104836458268458e+00 5.087321139772594397e-02
8.060354239988277550e+04 8.042368423873497818e+00 6.487018290229588924e-02
8.070926736987459299e+04 1.025321180349329886e+01 7.287831844081565924e-02
8.081499233986642503e+04 1.035809483312996271e+01 7.298035572703166773e-02
8.092071730985825707e+04 8.233308248026094844e+00 6.418759541986544803e-02
8.102644227985008911e+04 5.530655212605462445e+00 5.163476777821233293e-02
8.113216724984192115e+04 3.209213480801980989e+00 3.772268470864296314e-02
8.123789221983375319e+04 1.793660633867060428e+00 2.687197661669621374e-02
8.134361718982558523e+04 1.039296058302184411e+00 1.901241857062095988e-02
8.144934215981740272e+04 6.861129352329876641e-01 1.474880629416975598e-02
8.155506712980924931e+04 4.665652502393312084e-01 1.091846999475652551e-02
8.166079209980106680e+04 3.523558397407150489e-01 8.839994713502882101e-03
8.176651706979289884e+04 3.025964446750451509e-01 7.880788467111349282e-03
8.187224203978473088e+04 2.852017976241553177e-01 7.376697747931950516e-03
8.197796700977656292e+04 2.464878967511951180e-01 6.487593549472378887e-03
8.208369197976839496e+04 2.339536070006690838e-01 6.273562726078799404e-03
8.218941694976022700e+04 2.455048754222482199e-01 6.405690913477673186e-03
8.229514191975205904e+04 2.356356136406724533e-01 6.189799034224382178e-03
8.240086688974387653e+04 2.278378584490330927e-01 6.045152587006440668e-03
8.250659185973572312e+04 2.396966444209003566e-01 6.307047046645785845e-03
8.261231682972754061e+04 2.471601384548685887e-01 6.505903551660472024e-03
8.271804179971937265e+04 2.496323325432682483e-01 6.424836453509869157e-03
8.282376676971120469e+04 2.336682783531549845e-01 6.211629022914649974e-03
8.292949173970303673e+04 2.444946786618269752e-01 6.262373656545724802e-03
8.303521670969486877e+04 2.352366266334421641e-01 6.061564226842916167e-03
8.314094167968670081e+04 2.382641299942638846e-01 6.164429834038020854e-03
8.324666664967853285e+04 2.320877234714173454e-01 5.980895443700848593e-03
8.335239161967035034e+04 2.389925257136767123e-01 6.147827151061066239e-03
8.345811658966219693e+04 2.345558979525924903e-01 6.057484289229989050e-03
8.356384155965401442e+04 2.348252868332300625e-01 6.014377451267960070e-03
8.366956652964584646e+04 2.461399257472669244e-01 6.249745663865336094e-03
8.377529149963767850e+04 2.406096363105013625e-01 6.095866387810814843e-03
8.388101646962951054e+04 2.399423364132702297e-01 6.030899964468539910e-03
8.398674143962134258e+04 2.288260142818417664e-01 5.859504195759533338e-03
8.409246640961317462e+04 2.451044203682479217e-01 6.143105955085933351e-03
8.419819137960500666e+04 2.370084423993918943e-01 6.054222165161319245e-03
8.430391634959682415e+04 2.408003240347480201e-01 6.029206526396762612e-03
8.440964131958867074e+04 2.368322962859423786e-01 5.966048983799226817e-03
8.451536628958048823e+04 2.435400138652197566e-01 6.096117748840398400e-03
8.462109125957232027e+04 2.436676850911776715e-01 6.061398050280372707e-03
8.472681622956415231e+04 2.367936022215952896e-01 5.977744504789799483e-03
8.483254119955598435e+04 2.501110501592926916e-01 6.196366527209784536e-03
8.493826616954781639e+04 2.457007801028756599e-01 6.078512582683289096e-03
8.504399113953964843e+04 2.487889772978331970e-01 6.125255147190282988e-03
8.514971610953148047e+04 2.472449675321437557e-01 6.083771338994754981e-03
8.525544107952329796e+04 2.400697231009010224e-01 5.976058777498295151e-03
8.536116604951514455e+04 2.392628507425957340e-01 5.931779670537819585e-03
8.546689101950696204e+04 2.391931674535404673e-01 5.937629317052667798e-03
8.557261598949880863e+04 2.497557835233683299e-01 6.127316394102431084e-03
8.567834095949062612e+04 2.375431297316757118e-01 5.867843963806084612e-03
8.578406592948245816e+04 2.306427204332220648e-01 5.655990968933048008e-03
8.588979089947429020e+04 2.206904839704564303e-01 5.537666411924068756e-03
8.599551586946612224e+04 2.294210620793566968e-01 5.697881282542336875e-03
8.610124083945795428e+04 2.421152580215145678e-01 5.979245733795772628e-03
8.620696580944977177e+04 2.404450197650475629e-01 5.947863193454529587e-03
8.631269077944161836e+04 2.307972326460711876e-01 5.773386925432368033e-03
8.641841574943343585e+04 2.403389077662139717e-01 5.861365887473076255e-03
8.652414071942528244e+04 2.269348731629952098e-01 5.602775845046996731e-03
8.662986568941709993e+04 2.430935400541101854e-01 5.897626787990928147e-03
8.673559065940893197e+04 2.348799495612539923e-01 5.659449974100525492e-03
8.684131562940076401e+04 2.365161181559104764e-01 5.768053294236968540e-03
8.694704059939259605e+04 2.337632740001418241e-01 5.752009131723182477e-03
8.705276556938442809e+04 2.373233527525830111e-01 5.839073995411643916e-03
8.715849053937626013e+04 2.402497228948280161e-01 5.778013388161470226e-03
8.726421550936809217e+04 2.316870022365891957e-01 5.658283519361276270e-03
8.736994047935990966e+04 2.226372732939911059e-01 5.500040400288682720e-03
8.747566544935175625e+04 2.388502251010291288e-01 5.838786618061124305e-03
8.758139041934357374e+04 2.370069226615016678e-01 5.689346160030188393e-03
8.768711538933540578e+04 2.307834234430485576e-01 5.566091140431212239e-03
8.779284035932723782e+04 2.413169279612240037e-01 5.791441628023761071e-03
8.789856532931906986e+04 2.454781859327216376e-01 5.865499418128019768e-03
8.800429029931090190e+04 2.374575552942649326e-01 5.723775170360712906e-03
8.811001526930273394e+04 2.435217500028152293e-01 5.798070332863233291e-03
8.821574023929456598e+04 2.328867761961038174e-01 5.686781427551678217e-03
8.832146520928638347e+04 2.337886154291392016e-01 5.659524586786045947e-03
8.842719017927823006e+04 2.375972238070387377e-01 5.679671876606879818e-03
8.853291514927004755e+04 2.394729821607527176e-01 5.788272337189972680e-03
8.863864011926187959e+04 2.369502933652910537e-01 5.697304047220391916e-03
8.874436508925371163e+04 2.350972888665391614e-01 5.651524479901677209e-03
8.885009005924554367e+04 2.407541071699346447e-01 5.791881212905373479e-03
8.895581502923737571e+04 2.391641278084239985e-01 5.699080212918077731e-03
8.906153999922920775e+04 2.450211087409890354e-01 5.773182036722817462e-03
8.916726496922103979e+04 2.377135798376047437e-01 5.675863682197206453e-03
8.927298993921285728e+04 2.324202964136028726e-01 5.566150524785151710e-03
8.937871490920470387e+04 2.429761507360285455e-01 5.823274463259879921e-03
8.948443987919652136e+04 2.445811674465853125e-01 5.810739952868228426e-03
8.959016484918835340e+04 2.341448591939206403e-01 5.685844510635655949e-03
8.969588981918018544e+04 2.403274391225742879e-01 5.750327600288412250e-03
8.980161478917201748e+04 2.370903619558431541e-01 5.650924503292365994e-03
8.990733975916384952e+04 2.361199791623728172e-01 5.600204627420560938e-03
9.001306472915568156e+04 2.406118207138208953e-01 5.643368669133234233e-03
9.011878969914751360e+04 2.317881209352611604e-01 5.643591908891861832e-03
9.022451466913933109e+04 2.436038669601931217e-01 5.703336588682181817e-03
9.033023963913117768e+04 2.390256593737383195e-01 5.786621728839469285e-03
9.043596460912299517e+04 2.364102719997014102e-01 5.562892204952777676e-03
9.054168957911482721e+04 2.410219177063288587e-01 5.615169409368177093e-03
9.064741454910665925e+04 2.369113859855961901e-01 5.683217750834232418e-03
9.075313951909849129e+04 2.517447063183702038e-01 5.775455119853254576e-03
9.085886448909032333e+04 2.337340869846782077e-01 5.566022650512602449e-03
9.096458945908215537e+04 2.438294856925670162e-01 5.806328964853373770e-03
9.107031442907398741e+04 2.387718635366549158e-01 5.666253855737463097e-03
9.117603939906580490e+04 2.377451754527614147e-01 5.605067981213939128e-03
9.128176436905765149e+04 2.288605441536659679e-01 5.442041245622958497e-03
9.138748933904946898e+04 2.437250376968907450e-01 5.717631887941590843e-03
9.149321430904131557e+04 2.375473900600935107e-01 5.638547299936964852e-03
9.159893927903313306e+04 2.379673524457187050e-01 5.582334420086958703e-03
9.170466424902496510e+04 2.361511592410139027e-01 5.589286556559362566e-03
9.181038921901679714e+04 2.430588409591417087e-01 5.642370895227611510e-03
9.191611418900862918e+04 2.275545570439921339e-01 5.388609385600122079e-03
9.202183915900046122e+04 2.385677481839061087e-01 5.559247976726948252e-03
9.212756412899227871e+04 2.437213383119481713e-01 5.590614211003942444e-03
9.223328909898412530e+04 2.453600152973225978e-01 5.419510668390434792e-03
9.233901406897594279e+04 2.737756420638410848e-01 5.702317117563152071e-03
9.244473903896778938e+04 3.081844780089277869e-01 5.854057971074013919e-03
9.255046400895960687e+04 3.592132359059781455e-01 6.140191930195268606e-03
9.265618897895143891e+04 4.222663915332037221e-01 6.239837015851271498e-03
9.276191394894327095e+04 5.348300451628769103e-01 6.723585138884169594e-03
9.286763891893510299e+04 6.406239570142734374e-01 6.827709790649732699e-03
9.297336388892693503e+04 8.145394280585551705e-01 7.143460009505667001e-03
9.307908885891876707e+04 1.021051973935370727e+00 7.779014997123303091e-03
9.318481382891059911e+04 1.187690355615206306e+00 7.963936312436076595e-03
9.329053879890241660e+04 1.263014984832801391e+00 8.262775998490517679e-03
9.339626376889426319e+04 1.198687082370358370e+00 8.143059112722875539e-03
9.350198873888608068e+04 1.015876699144417250e+00 7.828165027742724560e-03
9.360771370887791272e+04 7.858581231759373953e-01 7.145831037782050116e-03
9.371343867886974476e+04 6.240610121610272731e-01 6.806930540899180579e-03
9.381916364886157680e+04 4.877247334248596689e-01 6.285620186560929475e-03
9.392488861885340884e+04 4.010336397971520084e-01 6.167053704785157783e-03
9.403061358884524088e+04 3.447646094505456560e-01 6.000139250729370245e-03
9.413633855883707292e+04 3.095222233611519824e-01 6.040685168834409625e-03
9.424206352882889041e+04 2.740925886007472001e-01 5.656714035931697908e-03
9.434778849882073700e+04 2.594715925283435087e-01 5.795690387992232136e-03
9.445351346881255449e+04 2.364548370020411183e-01 5.502525380914707193e-03
9.455923843880438653e+04 2.471429249849227128e-01 5.637767660154347979e-03
9.466496340879621857e+04 2.360738740695893789e-01 5.667312208123535637e-03
9.477068837878805061e+04 2.345570731822971822e-01 5.551072189621604654e-03
9.487641334877988265e+04 2.330107325828433551e-01 5.580343626093909985e-03
9.498213831877171469e+04 2.369621361794074232e-01 5.591188826635389020e-03
9.508786328876354673e+04 2.507091394633882420e-01 5.901181114321148169e-03
9.519358825875536422e+04 2.373756536455611799e-01 5.751537744745481573e-03
9.529931322874721081e+04 2.544784013014544377e-01 5.907797031350188292e-03
9.540503819873902830e+04 2.598175259488404998e-01 6.082544255285763507e-03
9.551076316873086034e+04 2.718343593564854777e-01 6.276356764268403200e-03
9.561648813872269238e+04 2.911416657991320878e-01 6.499871865511324016e-03
9.572221310871452442e+04 3.182082377666529682e-01 6.858485720755752926e-03
9.582793807870635646e+04 3.522996397956210668e-01 7.219076731684241459e-03
9.593366304869818850e+04 3.923307490198521541e-01 7.643881654871283876e-03
9.603938801869002054e+04 4.195493494083159525e-01 7.787805108355341267e-03
9.614511298868183803e+04 4.382542207199987550e-01 7.917172500626666956e-03
9.625083795867368462e+04 4.441632100543953521e-01 7.986979750250179644e-03
9.635656292866550211e+04 4.528274707933922505e-01 8.323598426441976977e-03
9.646228789865733415e+04 3.971776348057954875e-01 7.765793695204168540e-03
9.656801286864916619e+04 3.506819778547104471e-01 7.330343431917187361e-03
9.667373783864099823e+04 3.170653238135352492e-01 6.858906489805019144e-03
9.677946280863283027e+04 2.912529940561455755e-01 6.560287641119968462e-03
9.688518777862466231e+04 2.682618944586948051e-01 6.258661951105946170e-03
9.699091274861649435e+04 2.648235495667780603e-01 6.280506626733435918e-03
9.709663771860831184e+04 2.518872884080502472e-01 6.035261236302504571e-03
9.720236268860015844e+04 2.389958973492171124e-01 5.899406852002886913e-03
9.730808765859197592e+04 2.364104984899290107e-01 5.841023455327993066e-03
9.741381262858380796e+04 2.307459548659116233e-01 5.709728633474603354e-03
9.751953759857564000e+04 2.229411665132003395e-01 5.570612857073969915e-03
9.762526256856747204e+04 2.340699739984347105e-01 5.876982998811500734e-03
9.773098753855930408e+04 2.328910724734198079e-01 5.737875461305897047e-03
9.783671250855113612e+04 2.246149580691099990e-01 5.650782980472352640e-03
9.794243747854296817e+04 2.401301492041913177e-01 5.962347048141213024e-03
9.804816244853478565e+04 2.157769709367049482e-01 5.692628869955048895e-03
9.815388741852663225e+04 2.350765370705859003e-01 5.864369502435934356e-03
9.825961238851844973e+04 2.255989885899820635e-01 5.797651525432546450e-03
9.836533735851029633e+04 2.296883309303234810e-01 5.911374282315119688e-03
9.847106232850211381e+04 2.305515457433224003e-01 5.922711437140970765e-03
9.857678729849394585e+04 2.383085337707525897e-01 6.022611818090311403e-03
9.868251226848577789e+04 2.189971320380158515e-01 5.679411800341331064e-03
9.878823723847760994e+04 2.313617429149878446e-01 5.953381086401097859e-03
9.889396220846944198e+04 2.274673896045601995e-01 5.811645043784190515e-03
9.899968717846125946e+04 2.321753932549352750e-01 5.820734102301607440e-03
9.910541214845310606e+04 2.340574988084984376e-01 5.985651147788535568e-03
9.921113711844492354e+04 2.303271387237815215e-01 6.076603384398978659e-03
9.931686208843677014e+04 2.287798427792104017e-01 5.941326633159602251e-03
9.942258705842858762e+04 2.256665976846416732e-01 5.956332365536105670e-03
9.952831202842041967e+04 2.312458095200239649e-01 5.907921288510625119e-03
9.963403699841225171e+04 2.297004475257611589e-01 6.145843739233356612e-03
9.973976196840408375e+04 2.288671816537979631e-01 5.966620419993537081e-03
9.984548693839591579e+04 2.388256075497229292e-01 6.285702798921793955e-03
9.995121190838773327e+04 2.335779916343460605e-01 6.164724891526741218e-03
1.000569368783795799e+05 2.239580858064132707e-01 5.946700673057494363e-03
1.001626618483713974e+05 2.316452235763014622e-01 6.154296597388992512e-03
1.002683868183632439e+05 2.311031894870776149e-01 6.165714759998346464e-03
1.003741117883550614e+05 2.236115124158718492e-01 5.882089544053322426e-03
1.004798367583469080e+05 2.290005209915749462e-01 6.044249939734342228e-03
1.005855617283387255e+05 2.307129197114163033e-01 6.166549799206184207e-03
1.006912866983305576e+05 2.297576730505376252e-01 6.246878357195702683e-03
1.007970116683223896e+05 2.285435988180871680e-01 6.192697885928176785e-03
1.009027366383142071e+05 2.426466863057535339e-01 6.433807565335675563e-03
1.010084616083060537e+05 2.322134895635103169e-01 6.223778818646836207e-03
1.011141865782978712e+05 2.262876807352516839e-01 6.080653956078929667e-03
1.012199115482897178e+05 2.312682009742838551e-01 6.260574225151128297e-03
1.013256365182815352e+05 2.299602088984619985e-01 6.110629787233240635e-03
1.014313614882733818e+05 2.350825250702631708e-01 6.263197210841614862e-03
1.015370864582651993e+05 2.292658099525866633e-01 6.102619473427516907e-03
1.016428114282570314e+05 2.382583320982571973e-01 6.510185964401254965e-03
1.017485363982488634e+05 2.419109093770879515e-01 6.268555131598419101e-03
1.018542613682406809e+05 2.324982947943358413e-01 6.020019018562958180e-03
1.019599863382325275e+05 2.430377891945013913e-01 6.293873883329180810e-03
1.020657113082243450e+05 2.505085624770104769e-01 6.280520708516761259e-03
1.021714362782161916e+05 2.433078002962065223e-01 6.282476350770776520e-03
1.022771612482080091e+05 2.343100481767358412e-01 6.137374708541759247e-03
1.023828862181998556e+05 2.393585515761680327e-01 6.262944741928986453e-03
1.024886111881916731e+05 2.431825573720217404e-01 6.398591585564804458e-03
1.025943361581835052e+05 2.374256886147133594e-01 6.373977124849615310e-03
1.027000611281753372e+05 2.410658011972425241e-01 6.452623648913712040e-03
1.028057860981671547e+05 2.335589672489657986e-01 6.346022627168703897e-03
1.029115110681590013e+05 2.339626360777678216e-01 6.487341697871127841e-03
1.030172360381508188e+05 2.327613643532314147e-01 6.526402143707070273e-03
1.031229610081426654e+05 2.208691610965225760e-01 6.376730702086200533e-03
1.032286859781344829e+05 2.197153270163706984e-01 6.340199256212709390e-03
1.033344109481263295e+05 2.293615732521382955e-01 6.586131772271927240e-03
1.034401359181181469e+05 2.310672098493448123e-01 6.750342315769809060e-03
1.035458608881099935e+05 2.296997192109805908e-01 6.746560892120990333e-03
1.036515858581018110e+05 2.302020994947862886e-01 6.706354136747504253e-03
1.037573108280936285e+05 2.383293872596527474e-01 6.919917411065683484e-03
1.038630357980854751e+05 2.335601218870987095e-01 6.804538320995087881e-03
1.039687607680772926e+05 2.215478213653629125e-01 6.434975078281260710e-03
1.040744857380691392e+05 2.143012720665207205e-01 6.264898756892499712e-03
1.041802107080609567e+05 2.273013957905303806e-01 6.661120274960655348e-03
1.042859356780528033e+05 2.193324539328596057e-01 6.455944092060404357e-03
1.043916606480446208e+05 2.295383953897203733e-01 6.836434560928441456e-03
1.044973856180364673e+05 2.292223961260936860e-01 6.899520428901160379e-03
1.046031105880282848e+05 2.292273568223362201e-01 6.782607534439063710e-03
1.047088355580201023e+05 2.137427054412775196e-01 6.361090236644106020e-03
1.048145605280119489e+05 2.248308511918960251e-01 6.703435185843221664e-03
1.049202854980037664e+05 2.254243273176077533e-01 6.829152832446847357e-03
1.050260104679956130e+05 2.219965918322654164e-01 6.630801406094279267e-03
1.051317354379874305e+05 2.237002337771973326e-01 6.662808379764053636e-03
1.052374604079792771e+05 2.369900256987922671e-01 7.118081067792656966e-03
1.053431853779710946e+05 2.199046216077362170e-01 6.654801020810978927e-03
1.054489103479629412e+05 2.250291597863849635e-01 6.684804827919914837e-03
1.055546353179547586e+05 2.170866207581369500e-01 6.570274517038433848e-03
1.056603602879465761e+05 2.281948182285441218e-01 7.041862429548173367e-03
1.057660852579384227e+05 2.176046723047871112e-01 6.707607620595036277e-03
1.058718102279302402e+05 2.183754595916245489e-01 6.667688779732296699e-03
1.059775351979220868e+05 2.107087480033515703e-01 6.565000110724012947e-03
1.060832601679139043e+05 2.277276989404456997e-01 6.970193527055869830e-03
1.061889851379057509e+05 2.323321408174894298e-01 7.024816656435557520e-03
1.062947101078975684e+05 2.240945977330833505e-01 6.963764295625812784e-03
1.064004350778894150e+05 2.190521276413318064e-01 6.931496109055897657e-03
1.065061600478812325e+05 2.182555902798008207e-01 6.913118294931691263e-03
1.066118850178730645e+05 2.284147591131344135e-01 7.173747424792554714e-03
1.067176099878648965e+05 2.216658641119720885e-01 6.853382037370663732e-03
1.068233349578567140e+05 2.245846651707050778e-01 7.060912605954450597e-03
1.069290599278485606e+05 2.201857447807886170e-01 6.858302109089594277e-03
1.070347848978403781e+05 2.271832321980436775e-01 7.161301617186700309e-03
1.071405098678322247e+05 2.462510995047789142e-01 7.690881139474047001e-03
1.072462348378240422e+05 2.212714086609266773e-01 7.026626016188081483e-03
1.073519598078158888e+05 2.240503345296331328e-01 7.111623880393032858e-03
1.074576847778077063e+05 2.256279906000076552e-01 7.162638131500760619e-03
1.075634097477995383e+05 2.230171962356684023e-01 7.062820875646158916e-03
1.076691347177913703e+05 2.196314236755727012e-01 7.156715455880737799e-03
1.077748596877831878e+05 2.267623424608512517e-01 7.130809225217230388e-03
1.078805846577750344e+05 2.124526046635991650e-01 6.812625277766074135e-03
1.079863096277668519e+05 2.145295081500096235e-01 6.898412477966332779e-03
1.080920345977586985e+05 2.147733659805458051e-01 7.074021063863481125e-03
1.081977595677505160e+05 2.187021494605794480e-01 7.090452733078881145e-03
1.083034845377423626e+05 2.284166675311083694e-01 7.393991313100398838e-03
1.084092095077341801e+05 2.216610952638484178e-01 7.067834417254371081e-03
1.085149344777260121e+05 2.258901595805957729e-01 7.477517737698123439e-03
1.086206594477178442e+05 2.224200665732038174e-01 7.257691925779645795e-03
1.087263844177096616e+05 2.174888260659025574e-01 7.247761601814843753e-03
1.088321093877015082e+05 2.207969087907420414e-01 7.036425693859255440e-03
1.089378343576933257e+05 2.298860575850922294e-01 7.376232007234931332e-03
1.090435593276851723e+05 2.223733906094225443e-01 7.124848135690415099e-03
1.091492842976769898e+05 2.157596742439404358e-01 7.089300378063738937e-03
1.092550092676688364e+05 2.163072156326687479e-01 7.168115185170145787e-03
1.093607342376606539e+05 2.248962639339047997e-01 7.504057804953481216e-03
1.094664592076524859e+05 2.291051618778167376e-01 7.576486314683079405e-03
1.095721841776443180e+05 2.284851753257101936e-01 7.519608560451891167e-03
1.096779091476361355e+05 2.198076624353832720e-01 7.465522592580624804e-03
1.097836341176279821e+05 2.162273109030391771e-01 7.150240251585298148e-03
1.098893590876197995e+05 2.214048861968398174e-01 7.254973483565122470e-03
1.099950840576116461e+05 2.426720632022522361e-01 7.913003161625046730e-03
1.101008090276034636e+05 2.274097874681288156e-01 7.533842691924477579e-03
1.102065339975953102e+05 2.167534422469586941e-01 7.231434281560007206e-03
1.103122589675871277e+05 2.261989197166907051e-01 7.527478070727361241e-03
1.104179839375789743e+05 2.266514433375358406e-01 7.620635985141617323e-03
1.105237089075707918e+05 2.197747238652564272e-01 7.508891854202340982e-03
1.106294338775626093e+05 2.204664089261318682e-01 7.436988419635218346e-03
1.107351588475544559e+05 2.189127393752144657e-01 7.468331491131314365e-03
1.108408838175462733e+05 2.305460752907467215e-01 7.971748104857637185e-03
1.109466087875381199e+05 2.369333239399126489e-01 8.037860554438251356e-03
1.110523337575299374e+05 2.385332862173387136e-01 7.973590071989521133e-03
1.111580587275217840e+05 2.489255693347435794e-01 8.301746816438986334e-03
1.112637836975136015e+05 2.502625757375911975e-01 8.425362960017231118e-03
1.113695086675054481e+05 2.578731142392921560e-01 8.553317262614126143e-03
1.114752336374972656e+05 2.783928831098771983e-01 9.038342218383236398e-03
1.115809586074890831e+05 2.940136382637022483e-01 9.561708122842934102e-03
1.116866835774809297e+05 3.039598688963775497e-01 9.564626116408044346e-03
1.117924085474727472e+05 3.213789513649180640e-01 1.012629775420946336e-02
1.118981335174645938e+05 3.744234085002342560e-01 1.139622860784857659e-02
1.120038584874564112e+05 4.095557231282768718e-01 1.230421915220622324e-02
1.121095834574482578e+05 4.325357543290219153e-01 1.245415885124057272e-02
1.122153084274400753e+05 4.612958252484533062e-01 1.320052671027970893e-02
1.123210333974319219e+05 5.772103333209712694e-01 1.665036106728259163e-02
1.124267583674237394e+05 6.499774076710906900e-01 1.791095037450700367e-02
1.125324833374155569e+05 8.297930724697216709e-01 2.097491604884949012e-02
1.126382083074074035e+05 9.700608517550691756e-01 2.373181786529523357e-02
1.127439332773992210e+05 1.334826252196155139e+00 2.868718979847906941e-02
1.128496582473910676e+05 1.740799059206852295e+00 3.465905153190305954e-02
1.129553832173828851e+05 2.261733757864666128e+00 3.997068205554018400e-02
1.130611081873747316e+05 2.934555419106620100e+00 4.561368423033982517e-02
1.131668331573665491e+05 3.658561173134416755e+00 5.156095187136472413e-02
1.132725581273583957e+05 4.338599706711704584e+00 5.604804958740713938e-02
1.133782830973502132e+05 4.914494997423563660e+00 5.932896219697691986e-02
1.134840080673420453e+05 5.628669039580987743e+00 6.368528337614128010e-02
1.135897330373338773e+05 6.093457575098121914e+00 6.580926972621979620e-02
1.136954580073256948e+05 6.383661640791628678e+00 6.761848572438522442e-02
1.138011829773175414e+05 6.783411891501448743e+00 7.006458183512596916e-02
1.139069079473093589e+05 6.819194956335646651e+00 7.102551105980797752e-02
1.140126329173012055e+05 6.609649730121343048e+00 6.951069944138665857e-02
1.141183578872930229e+05 6.775060196860873241e+00 7.094684415763233276e-02
1.142240828572848695e+05 6.831562996680222710e+00 7.148852451988071954e-02
1.143298078272766870e+05 6.586404075418719195e+00 7.034701943301942262e-02
1.144355327972685191e+05 6.670130349179557605e+00 7.059834834001088577e-02
1.145412577672603511e+05 6.638707675027411881e+00 7.068220854830475908e-02
1.146469827372521686e+05 6.505260349655211272e+00 6.979251512627378251e-02
1.147527077072440152e+05 6.251884719974541760e+00 6.830668441725853968e-02
1.148584326772358327e+05 5.984348050504031846e+00 6.740343448734857634e-02
1.149641576472276793e+05 5.439807090488378627e+00 6.355507706906417253e-02
1.150698826172194968e+05 4.793800556136482705e+00 5.876385766252443382e-02
1.151756075872113433e+05 4.293366235200997139e+00 5.667753128224114340e-02
1.152813325572031608e+05 3.583336159790688757e+00 5.185109396863247372e-02
1.153870575271949929e+05 2.868124369921182026e+00 4.611286905458601704e-02
1.154927824971868249e+05 2.312533944751546944e+00 4.132685461323091364e-02
1.155985074671786424e+05 1.786913937516891426e+00 3.599282015884298913e-02
1.157042324371704890e+05 1.382257900403568662e+00 3.171434826178856636e-02
1.158099574071623065e+05 1.042569936838993128e+00 2.668688524345145391e-02
1.159156823771541531e+05 7.799166180016225969e-01 2.207789100471631988e-02
1.160214073471459706e+05 5.976875264410026478e-01 1.852447940256848197e-02
1.161271323171378172e+05 5.064300264027586929e-01 1.640934489694750517e-02
1.162328572871296346e+05 3.962116236569352967e-01 1.391994093734208633e-02
1.163385822571214812e+05 3.329170334288482080e-01 1.203463122487609047e-02
1.164443072271132987e+05 3.017420298364422715e-01 1.098739890631990172e-02
1.165500321971051162e+05 2.652487468568870965e-01 9.799915324755808371e-03
1.166557571670969628e+05 2.591749875649940749e-01 9.837543952070135211e-03
1.167614821370887803e+05 2.441859006984713476e-01 9.002772600727229277e-03
1.168672071070806269e+05 2.375954022953338518e-01 8.871220761366496732e-03
1.169729320770724444e+05 2.404334651965049363e-01 8.849940207776621146e-03
1.170786570470642910e+05 2.200378487134159178e-01 8.192574042744961427e-03
1.171843820170561085e+05 2.554628528064570858e-01 9.146554059431622266e-03
1.172901069870479550e+05 2.402345262870869969e-01 8.927084950318001436e-03
1.173958319570397725e+05 2.223830941370235348e-01 8.238663235775855673e-03
1.175015569270315900e+05 2.156714715390434522e-01 8.288753662859365753e-03
1.176072818970234366e+05 2.144975533566969850e-01 8.089387836981216939e-03
1.177130068670152541e+05 2.222523115257560300e-01 8.382666999938129249e-03
1.178187318370071007e+05 2.247122374664604350e-01 8.527413637404647473e-03
1.179244568069989182e+05 2.176991314704052327e-01 8.289646023031281216e-03
1.180301817769907648e+05 2.202914916945064305e-01 8.320446291019545706e-03
1.181359067469825823e+05 2.262941688769418702e-01 8.470290334371148935e-03
1.182416317169744289e+05 2.163303455132120634e-01 8.200087863822798015e-03
1.183473566869662463e+05 2.253529041357771601e-01 8.485746369038572878e-03
1.184530816569580638e+05 2.153499840044142410e-01 8.222166384983095253e-03
1.185588066269499104e+05 2.041143242015868164e-01 7.939314386426732026e-03
1.186645315969417279e+05 2.209486178069004492e-01 8.504295104284041729e-03
1.187702565669335745e+05 2.231067037839766509e-01 8.422231363233291176e-03
1.188759815369253920e+05 2.218412548674120743e-01 8.485103294017847311e-03
1.189817065069172386e+05 2.157033484859799954e-01 8.156913895739323003e-03
1.190874314769090561e+05 2.078469953472356913e-01 8.083721380256607761e-03
1.191931564469009027e+05 2.101531620564707770e-01 8.214911401571690919e-03
1.192988814168927202e+05 2.184732438751674777e-01 8.376701961007622724e-03
1.194046063868845376e+05 2.132863965792252126e-01 8.245373751325613121e-03
1.195103313568763842e+05 2.128789276299013211e-01 8.525464556040345671e-03
1.196160563268682017e+05 2.301955929833881254e-01 8.831706168314263500e-03
1.197217812968600483e+05 2.062005398636251319e-01 8.055834012324869856e-03
1.198275062668518658e+05 2.256572161908273200e-01 8.949993127757290695e-03
1.199332312368437124e+05 2.207237400361440616e-01 8.555612465914184603e-03
1.200389562068355299e+05 2.351981671126369411e-01 9.640919642585430577e-03
1.201446811768273765e+05 2.324430913244192320e-01 9.041065208960108804e-03
1.202504061468191940e+05 2.303221807871182747e-01 8.924024510082954192e-03
1.203561311168110406e+05 2.275659094798652415e-01 8.867316931710363462e-03
1.204618560868028580e+05 2.248402975871915954e-01 8.677478100208187856e-03
1.205675810567946755e+05 2.184323348598804504e-01 8.758614215015282992e-03
1.206733060267865221e+05 2.317178357512484355e-01 9.056218496695278217e-03
1.207790309967783396e+05 2.124165120819478947e-01 8.682584140491455410e-03
1.208847559667701862e+05 2.243497803893636233e-01 9.103269878316555541e-03
1.209904809367620037e+05 2.280121304650390146e-01 8.829331062745032419e-03
1.210962059067538503e+05 2.187342705615127336e-01 8.657291970720432106e-03
1.212019308767456678e+05 2.398898227276120010e-01 9.634962908160054490e-03
1.213076558467374853e+05 2.316024270351623449e-01 9.097278465358323365e-03
1.214133808167293319e+05 2.258060026264544218e-01 8.731425467288339223e-03
1.215191057867211493e+05 2.238943740466861898e-01 8.948038859518397600e-03
1.216248307567129959e+05 2.059461437445352372e-01 8.478657054053694367e-03
1.217305557267048134e+05 2.144192111066511031e-01 8.694261319514810446e-03
1.218362806966966600e+05 2.227939529094750126e-01 9.058414468026574837e-03
1.219420056666884775e+05 2.394265429210962193e-01 9.303432036005721342e-03
1.220477306366803241e+05 2.271891986129690733e-01 9.241446051595438374e-03
1.221534556066721416e+05 2.275607329655660593e-01 8.960339716086410111e-03
1.222591805766639882e+05 2.160697972488861696e-01 9.052624894128865132e-03
1.223649055466558057e+05 2.090149333117529151e-01 8.499604092621397544e-03
1.224706305166476232e+05 2.315773871433376430e-01 9.148042180670541354e-03
1.225763554866394697e+05 2.356176745955541607e-01 9.328286248841258232e-03
1.226820804566312872e+05 2.023163927594236466e-01 8.450429502534365436e-03
1.227878054266231338e+05 2.195085832688976890e-01 9.282767907360446255e-03
1.228935303966149513e+05 2.354113633245441539e-01 9.360077047676763212e-03
1.229992553666067979e+05 2.040771835439862958e-01 8.506602654178671563e-03
1.231049803365986154e+05 2.223674949341691298e-01 9.231909884003680969e-03
1.232107053065904620e+05 2.178303662504975646e-01 8.829362445309671403e-03
1.233164302765822795e+05 2.313766398051848860e-01 9.279331370126042700e-03
1.234221552465740970e+05 2.111630908041708110e-01 8.553477002482748684e-03
1.235278802165659436e+05 2.187891170546616137e-01 9.050681020963088561e-03
1.236336051865577610e+05 2.137452986604335414e-01 8.960600075031284126e-03
1.237393301565496076e+05 2.204680841826383297e-01 9.051132631252130356e-03
1.238450551265414251e+05 2.247560191533417018e-01 9.195171014808345769e-03
1.239507800965332717e+05 2.317509032874050245e-01 9.485755505930365539e-03
1.240565050665250892e+05 2.135759393129103567e-01 8.724028395751577333e-03
1.241622300365169358e+05 2.230356342331409336e-01 9.211068580953397575e-03
1.242679550065087533e+05 2.289045600554253657e-01 9.696828534352065418e-03
1.243736799765005708e+05 2.228165592345090207e-01 9.290548745217463295e-03
1.244794049464924174e+05 2.084372276899973397e-01 8.726235123248446759e-03
1.245851299164842349e+05 2.249115756404905242e-01 9.491095211002656060e-03
1.246908548864760814e+05 2.259690825957728078e-01 9.077627390589881190e-03
1.247965798564678989e+05 2.071356471813606825e-01 8.622041275204618202e-03
1.249023048264597455e+05 2.287892385057558042e-01 9.578086182026865347e-03
1.250080297964515630e+05 2.207825433874555932e-01 9.255014279901812441e-03
1.251137547664434096e+05 2.258863036783118339e-01 9.657414854847416394e-03
1.252194797364352271e+05 2.096245198315886682e-01 8.875144621501967687e-03
1.253252047064270446e+05 2.252686974842575407e-01 9.271972968076358512e-03
1.254309296764188912e+05 2.187826556545689194e-01 9.026620807967213056e-03
1.255366546464107087e+05 2.365761774561976061e-01 9.847842720708628941e-03
1.256423796164025553e+05 2.224118147960971736e-01 9.503129738164981313e-03
1.257481045863943727e+05 2.138064115151800393e-01 9.118128089499065794e-03
1.258538295563862193e+05 2.482629497474752867e-01 1.010066299061661461e-02
1.259595545263780368e+05 2.207166099696870054e-01 9.147919766525078669e-03
1.260652794963698834e+05 2.243406531358708711e-01 9.209123491555191998e-03
1.261710044663617009e+05 2.288595193438521802e-01 9.444793531526772187e-03
1.262767294363535184e+05 2.189241429910153136e-01 9.094435346032875636e-03
1.263824544063453650e+05 2.314572964219691054e-01 9.695287534665796361e-03
1.264881793763371825e+05 2.169751523227949619e-01 9.053150415157390496e-03
1.265939043463290291e+05 2.342480896167123960e-01 9.923156924957456798e-03
1.266996293163208466e+05 2.230879153378876878e-01 9.509992661107949732e-03
1.268053542863126931e+05 2.335441693595659285e-01 9.918842364248987506e-03
1.269110792563045106e+05 2.218909041712402719e-01 9.292974531301149629e-03
1.270168042262963572e+05 2.084503936562527859e-01 9.009991753653702126e-03
1.271225291962881747e+05 2.234813535659227746e-01 9.374389256488929387e-03
1.272282541662800213e+05 2.355269707333294549e-01 9.988462269370151220e-03
1.273339791362718388e+05 2.194846223947048980e-01 9.486598415590906039e-03
1.274397041062636563e+05 2.138723902048775549e-01 9.257286540708941150e-03
1.275454290762555029e+05 2.209127362430622632e-01 9.665130439337896867e-03
1.276511540462473204e+05 2.210549334536791588e-01 9.331882907159564158e-03
1.277568790162391670e+05 2.223949588780788078e-01 9.528901741107747431e-03
1.278626039862309844e+05 2.180547158738130320e-01 9.307857837490428679e-03
1.279683289562228310e+05 2.198326746820335742e-01 9.319363106504491637e-03
1.280740539262146485e+05 2.305519119937660399e-01 9.862387764340401972e-03
1.281797788962064660e+05 2.274317320891862393e-01 9.942075584247686559e-03
1.282855038661983126e+05 2.053671548021328286e-01 9.300173090999600337e-03
1.283912288361901301e+05 2.388033615983886915e-01 1.080940696919313604e-02
1.284969538061819767e+05 2.437059220798022952e-01 1.114903099291441810e-02
1.286026787761737942e+05 2.460141998668553265e-01 1.144260374128189435e-02
1.287084037461656408e+05 2.558842268307560119e-01 1.077598950523712962e-02
1.288141287161574583e+05 2.478323170337098924e-01 1.133126734666561539e-02
1.289198536861493048e+05 2.869324365246377906e-01 1.314048565519590830e-02
1.290255786561411223e+05 3.133253902027609561e-01 1.485399050108035350e-02
1.291313036261329689e+05 3.522136160514384717e-01 1.557705152527841426e-02
1.292370285961247864e+05 3.979548875337485248e-01 1.841824653445779669e-02
1.293427535661166039e+05 4.898672851196529954e-01 1.994449672072443752e-02
1.294484785361084505e+05 6.195159505582389370e-01 2.342891079027479423e-02
1.295542035061002680e+05 8.271246993829881600e-01 2.882285201018386367e-02
1.296599284760921146e+05 1.091723254033132529e+00 3.402762159262347208e-02
1.297656534460839321e+05 1.330634795445736263e+00 3.755206155146765395e-02
1.298713784160757787e+05 1.746838338557887615e+00 4.386598931703151322e-02
1.299771033860675961e+05 2.162094919985972918e+00 4.941425748839173293e-02
1.300828283560594427e+05 2.775822194626114570e+00 5.696113046341477054e-02
1.301885533260512602e+05 3.241105289386324362e+00 6.090589138067965119e-02
1.302942782960430777e+05 4.024725253232925404e+00 6.904691260174526668e-02
1.304000032660349243e+05 4.619247908685898629e+00 7.364484699216285180e-02
1.305057282360267418e+05 5.143740663106269650e+00 7.856641048725394871e-02
1.306114532060185884e+05 5.681885859736343747e+00 8.195687513465932383e-02
1.307171781760104059e+05 6.117856335990666139e+00 8.478095973101976157e-02
1.308229031460022525e+05 6.211499011704282758e+00 8.548277325068305565e-02
1.309286281159940700e+05 6.559895982229568823e+00 8.815049292534184178e-02
1.310343530859859166e+05 6.725039730578382446e+00 8.931357789307270423e-02
1.311400780559777340e+05 6.784162239342376388e+00 8.975667407204843129e-02
1.312458030259695661e+05 6.883224267654023620e+00 9.123393455051700962e-02
1.313515279959613981e+05 6.763938202590786375e+00 9.022667561809091796e-02
1.314572529659532302e+05 7.005841050690907679e+00 9.307678279662043308e-02
1.315629779359450622e+05 7.212399855260141379e+00 9.528444561152357717e-02
1.316687029059368942e+05 7.155318475661229805e+00 9.529888729584928830e-02
1.317744278759287263e+05 6.926090007217214684e+00 9.269610185209714581e-02
1.318801528459205583e+05 6.939886988667817391e+00 9.296408407874250102e-02
1.319858778159123904e+05 7.057098973357736504e+00 9.407318330990788180e-02
1.320916027859042224e+05 6.796847173533040021e+00 9.216975498667878686e-02
1.321973277558960544e+05 6.886101654739394284e+00 9.271471901296646223e-02
1.323030527258878865e+05 6.826501516784505341e+00 9.191019085556513535e-02
1.324087776958796894e+05 6.740690912118140865e+00 9.142897026284561857e-02
1.325145026658715506e+05 6.875761182148048434e+00 9.273149405383059041e-02
1.326202276358633535e+05 6.574465438692802088e+00 9.066632427775678238e-02
1.327259526058552146e+05 6.430736073077643056e+00 8.882504949729827515e-02
1.328316775758470176e+05 6.205065743580179038e+00 8.763619373092146336e-02
1.329374025458388787e+05 6.055975046733847122e+00 8.525740423084744724e-02
1.330431275158306817e+05 5.810348073920614809e+00 8.374584388258708711e-02
1.331488524858225137e+05 5.202487269788142576e+00 7.871458581884838157e-02
1.332545774558143457e+05 4.901439285522314115e+00 7.621545152238522192e-02
1.333603024258061778e+05 4.455441012613665208e+00 7.374988084979992864e-02
1.334660273957980098e+05 4.014624427558124431e+00 6.949829970652772471e-02
1.335717523657898419e+05 3.357439258884150846e+00 6.276471752736464960e-02
1.336774773357816739e+05 3.074243334279343376e+00 6.102761363688193053e-02
1.337832023057735059e+05 2.690993926106871381e+00 5.718516535053889266e-02
1.338889272757653380e+05 2.133341267243306749e+00 5.087841703258451365e-02
1.339946522457571700e+05 1.706145606702275552e+00 4.479025146509699185e-02
1.341003772157490021e+05 1.418776366430156255e+00 4.009345603896813381e-02
1.342061021857408341e+05 1.149651540600688193e+00 3.567116834105521495e-02
1.343118271557326370e+05 9.359240093721680198e-01 3.111805124868454939e-02
1.344175521257244982e+05 7.392217604264499364e-01 2.649974956730228107e-02
1.345232770957163011e+05 5.974010016922741695e-01 2.352050725370338075e-02
1.346290020657081623e+05 5.122529783628895217e-01 2.100117299440942831e-02
1.347347270356999652e+05 4.369186828094981379e-01 1.820779875510566970e-02
1.348404520056918263e+05 3.641264360181142856e-01 1.642250957061542477e-02
1.349461769756836293e+05 3.324689255102892815e-01 1.538996285737589086e-02
1.350519019456754904e+05 2.751887213688019584e-01 1.319941013637726882e-02
1.351576269156672934e+05 2.667179515874109619e-01 1.248006522290483027e-02
1.352633518856591254e+05 2.500309949662977149e-01 1.150413873101356621e-02
1.353690768556509574e+05 2.376828160934296164e-01 1.100730112193640600e-02
1.354748018256427895e+05 2.437813663201297554e-01 1.136482046127797532e-02
1.355805267956346215e+05 2.348008615430852153e-01 1.139226133452267246e-02
1.356862517656264536e+05 2.359489136583078350e-01 1.123487954992605058e-02
1.357919767356182856e+05 2.327644388621944727e-01 1.066525192081893385e-02
1.358977017056101176e+05 2.410306573787168727e-01 1.115112533463190510e-02
1.360034266756019497e+05 2.242376006735766480e-01 1.032589394511670283e-02
1.361091516455937817e+05 2.319750333518749152e-01 1.095563704117427650e-02
1.362148766155855847e+05 2.116585743169624445e-01 9.733423203371843399e-03
1.363206015855774458e+05 2.136912711850529334e-01 9.840610356199291919e-03
1.364263265555692487e+05 2.120566679334806026e-01 1.005681956296230854e-02
1.365320515255611099e+05 2.119287589879387534e-01 1.010160107992742924e-02
1.366377764955529128e+05 2.199103222741660424e-01 1.039148600746339808e-02
1.367435014655447740e+05 2.217394754404639623e-01 1.064154330791901998e-02
1.368492264355365769e+05 2.341387165850998264e-01 1.071070038242468922e-02
1.369549514055284380e+05 2.324031005537131600e-01 1.078576870721577145e-02
1.370606763755202410e+05 2.154112891526790696e-01 1.013772262138356098e-02
1.371664013455120730e+05 2.304913606265952264e-01 1.041527487308956806e-02
1.372721263155039051e+05 2.133676942045822644e-01 1.028921090783435632e-02
1.373778512854957371e+05 2.200850222152321289e-01 1.043479041848628316e-02
1.374835762554875691e+05 2.115067946024764278e-01 1.033513161981168375e-02
1.375893012254794012e+05 1.968794775734498403e-01 9.846882664359547788e-03
1.376950261954712332e+05 2.286996489878565519e-01 1.094573632454564835e-02
1.378007511654630653e+05 2.212893557373361575e-01 1.032539163103112119e-02
1.379064761354548973e+05 2.250654077754672966e-01 1.064917588366093466e-02
1.380122011054467293e+05 2.169303156388561193e-01 1.032316625401726376e-02
1.381179260754385323e+05 2.145950150099039111e-01 1.012287691026014617e-02
1.382236510454303934e+05 2.240664463440875109e-01 1.107640221079702995e-02
1.383293760154221964e+05 1.988185497232080601e-01 9.711236072524841861e-03
1.384351009854140575e+05 2.093568921841441333e-01 1.029671070184533764e-02
1.385408259554058604e+05 2.142482338934685870e-01 1.015253852770874737e-02
1.386465509253977216e+05 2.084701257242053685e-01 1.046632516021427789e-02
1.387522758953895245e+05 2.282332222856282289e-01 1.083485532107760982e-02
1.388580008653813857e+05 2.262544609658330708e-01 1.101399246343460168e-02
1.389637258353731886e+05 2.240826899551640328e-01 1.089836170990601816e-02
1.390694508053650497e+05 2.289736397968118176e-01 1.145088782611786496e-02
1.391751757753568527e+05 2.310072912813540824e-01 1.150649571277934970e-02
1.392809007453486847e+05 2.038365634135492765e-01 1.051415911945256798e-02
1.393866257153405168e+05 2.262122093036055548e-01 1.095605118036692069e-02
1.394923506853323488e+05 1.916324762462837672e-01 9.643281062944117007e-03
1.395980756553241808e+05 2.254004695020522531e-01 1.077301778468769608e-02
1.397038006253160129e+05 2.153486277460286702e-01 9.987850834905333611e-03
1.398095255953078449e+05 2.208633543146503175e-01 1.102043924903204318e-02
1.399152505652996770e+05 2.233555962178540300e-01 1.094810024249037901e-02
1.400209755352914799e+05 2.192687014135046297e-01 1.088985056186542351e-02
1.401267005052833410e+05 2.165800754864121158e-01 1.044935353902403524e-02
1.402324254752751440e+05 2.076625923939720564e-01 1.083998341298254668e-02
1.403381504452670051e+05 2.152322182713863052e-01 1.078052720834613183e-02
1.404438754152588081e+05 2.175911622190190020e-01 1.068329195952606551e-02
1.405496003852506692e+05 2.086664678388002736e-01 1.029812382130434502e-02
1.406553253552424721e+05 1.910022871059703087e-01 9.658639264563293261e-03
1.407610503252343333e+05 2.221918741249029883e-01 1.055978759462712982e-02
1.408667752952261362e+05 2.310929462772041143e-01 1.157389965595615605e-02
1.409725002652179974e+05 2.206030962114894078e-01 1.068442149108067736e-02
1.410782252352098003e+05 2.365143343865339365e-01 1.184234088487312424e-02
1.411839502052016323e+05 2.061497226990990916e-01 1.004178058305370269e-02
1.412896751751934644e+05 2.007457820692460093e-01 1.057397840135616829e-02
1.413954001451852964e+05 2.269138040572972748e-01 1.148299052592839480e-02
1.415011251151771285e+05 2.187444430487174851e-01 1.082464688322948634e-02
1.416068500851689605e+05 2.327294966834441148e-01 1.115294157088562652e-02
1.417125750551607925e+05 2.175345617951129906e-01 1.078633199830639905e-02
1.418183000251526246e+05 2.205083336886310696e-01 1.086512205478367549e-02
1.419240249951444566e+05 2.107837208582757360e-01 1.066605843326687980e-02
1.420297499651362887e+05 2.115061275133223451e-01 1.084752385721470501e-02
1.421354749351280916e+05 2.210205203144896269e-01 1.075493428538479290e-02
1.422411999051199527e+05 2.247154919034082543e-01 1.135457546655715272e-02
1.423469248751117557e+05 2.062548271999571081e-01 1.029943063170208825e-02
1.424526498451036168e+05 2.162923613660452382e-01 1.098583139769640331e-02
1.425583748150954198e+05 2.332573209093087574e-01 1.194451508968604782e-02
1.426640997850872809e+05 2.092738016426494430e-01 1.103322839976716464e-02
1.427698247550790838e+05 2.143855732549622695e-01 1.064079137519201301e-02
1.428755497250709450e+05 2.133773675911857792e-01 1.080022188061474132e-02
1.429812746950627479e+05 2.299257802683101204e-01 1.148402317243009223e-02
1.430869996650545800e+05 2.087614621120868486e-01 1.092430336169621617e-02
1.431927246350464120e+05 2.073160943720060712e-01 1.014374598971759522e-02
1.432984496050382440e+05 2.260519614255812326e-01 1.143851478058990033e-02
1.434041745750300761e+05 2.227841552713855366e-01 1.100163050303500610e-02
1.435098995450219081e+05 1.948186260977458617e-01 1.010294251347885509e-02
1.436156245150137402e+05 2.313299169970647884e-01 1.167571944402923979e-02
1.437213494850055722e+05 2.329533458356829456e-01 1.198649392210136833e-02
1.438270744549974042e+05 2.012773579395452095e-01 1.040978777252183490e-02
1.439327994249892363e+05 2.253177030378108459e-01 1.131059633984226979e-02
1.440385243949810392e+05 2.170440597185670228e-01 1.084618256759973566e-02
1.441442493649729004e+05 2.089957378865812399e-01 1.088842783133075337e-02
1.442499743349647033e+05 2.229141845655621956e-01 1.158828897545098428e-02
1.443556993049565644e+05 2.296959583369811153e-01 1.163691531986209282e-02
1.444614242749483674e+05 2.265642362697773970e-01 1.138401542262160865e-02
1.445671492449402285e+05 1.979754986227920122e-01 1.041118615332669445e-02
1.446728742149320315e+05 2.232505629395563074e-01 1.143882934112433122e-02
1.447785991849238926e+05 2.203379242243530545e-01 1.114684743982490879e-02
1.448843241549156955e+05 2.094989442160778703e-01 1.077022085893173005e-02
1.449900491249075276e+05 2.230321104575319624e-01 1.136664416747953411e-02
1.450957740948993596e+05 2.185709323448341845e-01 1.130061606684995730e-02
1.452014990648911917e+05 2.189993589854714595e-01 1.165968446031035929e-02
1.453072240348830237e+05 2.170760965710200607e-01 1.107997997411090500e-02
1.454129490048748557e+05 2.089368235514239835e-01 1.115264126309307817e-02
1.455186739748666878e+05 2.227906958277255656e-01 1.157524481695150140e-02
1.456243989448585198e+05 2.288984347382182760e-01 1.163572171851656213e-02
1.457301239148503519e+05 2.166324780278295614e-01 1.112606046329517838e-02
1.458358488848421839e+05 2.240686013203098681e-01 1.131007647578926786e-02
1.459415738548340159e+05 2.137727374667499902e-01 1.070626977777805466e-02
1.460472988248258480e+05 2.092772608277773394e-01 1.085519659922256838e-02
1.461530237948176509e+05 2.183977916289762400e-01 1.091454500692021906e-02
1.462587487648095121e+05 2.161329271579593703e-01 1.104795174943974841e-02
1.463644737348013150e+05 2.057192560355345090e-01 1.109275398540651714e-02
1.464701987047931761e+05 2.261594132862939921e-01 1.142945533388271470e-02
1.465759236747849791e+05 2.211331050662099507e-01 1.151463489844892912e-02
1.466816486447768402e+05 2.086239028174097787e-01 1.097638051050979502e-02
1.467873736147686432e+05 2.088391152223439684e-01 1.092892571183915786e-02
